2.688719485023536859e-01
2.730033921405082831e-01
2.716602875622461943e-01
2.951052316831309086e-01
3.287689470787978352e-01
3.264770241658533356e-01
3.265791978642061388e-01
3.006525671634403540e-01
2.774704367432908603e-01
2.720106474365808213e-01
2.823608912542073246e-01
3.040831596679725024e-01
2.681420612941460835e-01
2.792660310992561845e-01
2.645508725822157126e-01
2.704340280020749998e-01
2.523612832193165012e-01
2.397628676780533541e-01
2.180844380435641994e-01
2.547992186098902989e-01
2.593976919605326392e-01
2.948861691717030720e-01
2.864629922528860728e-01
2.498503853849128042e-01
2.355585929810215806e-01
1.807273164426296541e-01
1.970045106644069954e-01
2.291353578148754844e-01
2.765944932624700425e-01
2.421278406247966697e-01
1.976467641090468574e-01
1.855448085097156641e-01
2.237340348121950595e-01
2.840835231663421667e-01
3.017036467864444016e-01
3.063312875966252014e-01
3.069445049666796321e-01
2.688574085675689007e-01
2.939665182965588430e-01
2.681566888188994247e-01
2.306681822650895330e-01
1.924351609783186146e-01
2.017634926324792244e-01
2.091063786737695496e-01
2.178216681378131736e-01
2.314857032368651535e-01
2.421862631338418392e-01
2.664632681612871812e-01
2.842586155135409798e-01
2.503321302121230274e-01
2.621567759709181877e-01
2.388724718524161406e-01
2.693683208543172780e-01
2.484927408718659303e-01
2.486533808742485974e-01
2.129019585773899437e-01
2.310915483782387536e-01
2.640545878202206764e-01
2.664632681612871812e-01
2.439964412195763654e-01
2.643027302012180835e-01
2.437190875840561377e-01
2.449015521599355871e-01
2.559670556610160741e-01
3.037912660976674895e-01
2.306681822650895330e-01
2.239968047179460575e-01
2.814411965840786789e-01
3.280682273301284146e-01
2.962876524640261633e-01
3.495715646174190061e-01
3.442723715181069122e-01
4.131618818091619127e-01
3.703595546312865028e-01
3.539072680623105982e-01
3.393819170071907254e-01
4.078188937255582958e-01
3.831477338394865262e-01
4.014832923229799677e-01
4.141399551933515610e-01
3.930453126994724045e-01
3.727391113077990203e-01
3.684325753224458322e-01
3.644180642923506852e-01
4.299645720474570831e-01
4.080670799015400640e-01
3.808849783860802085e-01
3.604765157060856873e-01
3.887534918288411689e-01
3.748267306190223858e-01
3.879652259065725639e-01
4.616283018954687178e-01
4.767521990009048194e-01
5.100801820469905712e-01
4.448839903712345500e-01
3.760966975735167694e-01
3.626662649206773836e-01
3.174407174669505172e-01
3.124625853974821177e-01
3.729580862292582455e-01
3.594400636078350364e-01
3.433234217984714731e-01
3.649290203740834793e-01
3.699800272974135273e-01
3.641844618461380634e-01
3.764178899883132146e-01
4.382856190629054738e-01
4.622414754705387874e-01
4.108407476416948145e-01
3.469438655599088595e-01
3.420096160647008166e-01
2.731055220438766695e-01
2.876892518130575449e-01
3.127984491320160987e-01
3.226814442622329970e-01
3.859944078184556759e-01
3.978628047665583867e-01
4.066364291496785688e-01
3.734543709912532816e-01
3.430606518927204474e-01
3.465059157169906867e-01
3.738923646291558711e-01
3.564473771512369216e-01
3.279951772963295986e-01
3.119225056511952809e-01
2.481131697430087324e-01
2.153107703034094766e-01
1.904352630206319064e-01
1.980555464924268760e-01
2.104641545717692297e-01
1.923184035501966094e-01
1.827564694498231279e-01
1.909461315123961167e-01
2.157048813670516818e-01
1.964205045488753576e-01
1.343921354719007366e-01
1.830484506100969744e-01
1.612385046377791398e-01
1.871068004194683665e-01
1.985810425089444831e-01
1.725668218395950970e-01
1.651508857645059558e-01
1.651800094290599152e-01
1.831798355629723762e-01
1.622896718507517988e-01
1.186113573970711960e-01
1.178230914748025770e-01
9.421763873648829335e-02
1.012247486332132212e-01
8.986730776684330457e-02
6.751728204823864710e-02
7.810099692712473007e-02
8.716660247051877253e-02
1.102319754625460113e-01
1.174873591252213606e-01
9.872852211854732385e-02
9.023229516593153643e-02
6.864141170504152456e-02
6.715225085416623441e-02
5.823274537837007381e-02
4.020379557990364644e-02
4.116728523432386898e-03
2.037925142547191565e-02
3.780969896860611468e-02
9.620269019449796677e-03
3.823302128677091849e-02
3.624770705885366207e-02
3.780969896860611468e-02
3.972205075269341634e-02
2.875867715498127766e-02
5.941534133920031366e-03
9.853871465662650958e-03
3.442285765338133630e-02
2.599954934961157260e-02
2.277339183175363171e-02
2.248145446646420895e-02
3.395569655594055797e-02
4.237896106472614083e-02
3.097768141907999637e-02
1.980987283469366408e-02
3.345936799896111896e-02
1.283193039750739339e-02
1.413115240150882891e-02
1.036487134237965534e-02
2.316754669038002812e-02
1.310928403302736266e-02
1.658367152185154236e-02
0.000000000000000000e+00
2.794119997819007398e-02
1.962015296274146475e-02
1.316766274708836178e-02
1.997051283707631728e-02
3.560532222926102858e-02
3.924030592548317931e-02
2.899227960119413194e-02
2.881709966402670742e-02
4.277311592335254070e-02
3.072949524309818645e-02
2.959078185652611395e-02
4.497744886771344597e-02
5.795565451275444015e-03
2.183911343185600262e-02
4.994086582245987199e-02
2.564927706524533502e-02
1.595591421701229168e-02
3.347390793374589724e-02
2.602884819410277578e-02
4.033518053277902748e-02
6.110867440684620427e-02
5.928378120638969767e-02
2.943022944411232203e-02
2.903607458548592563e-02
3.547393727638539773e-02
2.776602004102264945e-02
7.340039367311375351e-02
5.215982629157416006e-02
5.166349773459497086e-02
6.056846327560636012e-02
5.817432286932464058e-02
9.829057227562888743e-02
7.989663507807422127e-02
8.268493034298257660e-02
1.043634475674403705e-01
1.094436657452929756e-01
1.129472644886397453e-01
9.992552662921153073e-02
1.401001547495767663e-01
9.888907453096111577e-02
6.764862320612985425e-02
6.310857236453265573e-02
6.715225085416623441e-02
6.926903762492772620e-02
1.119107248004207050e-01
1.149326225115414185e-01
1.365381772921692438e-01
1.467569923619357064e-01
1.839242627059650137e-01
1.902600392884802871e-01
2.064057609674136429e-01
2.073109157027573091e-01
1.705814638166933961e-01
2.003620531351405776e-01
2.391644092177053205e-01
2.603173866306613404e-01
2.251500142443184915e-01
2.166391159719648907e-01
2.181866117419169748e-01
2.468723264530683081e-01
2.927840975156638104e-01
2.973241483572610089e-01
3.210317747939280819e-01
2.727989571538338431e-01
2.906089320308410384e-01
2.908278631573161244e-01
3.021561803591317763e-01
2.703902330177829216e-01
2.821272888079944807e-01
1.962307846769231756e-01
2.256755540558205153e-01
2.120115189567682856e-01
2.018072876167710250e-01
1.959533434514343364e-01
2.335294837688122738e-01
2.570327628087737404e-01
2.579962524631939647e-01
2.696895132691137231e-01
3.226814442622329970e-01
3.240390887752795934e-01
3.158056317284148040e-01
3.123896229536519131e-01
3.148566820087793650e-01
2.986379978860160822e-01
2.818790588370285177e-01
2.570912291128033544e-01
2.599670267563264914e-01
2.856455150760948691e-01
2.730470995348314722e-01
2.389892292805381457e-01
3.021415966293625743e-01
2.716602875622461943e-01
3.026379689813264440e-01
3.018642429938426242e-01
3.382870423998948772e-01
3.304039890223491316e-01
2.868133521272206998e-01
2.410913885265459911e-01
2.616166524296471563e-01
2.973534034067680243e-01
3.194406154246371976e-01
3.355279145945251340e-01
3.119516731107334628e-01
3.249003171413786806e-01
3.632209283967334223e-01
3.483306775324941373e-01
2.788864599703989589e-01
3.061707351842113956e-01
3.156450793160010537e-01
3.461263445881332390e-01
4.036292027582956687e-01
3.889724229553159773e-01
3.824178028362945070e-01
3.863593514225594494e-01
3.653961376765401114e-01
3.460387984145338325e-01
3.122436542710073093e-01
3.448562900436699663e-01
3.096452102630041781e-01
3.311047087710185521e-01
3.244477835686910283e-01
3.637027608139122847e-01
3.456154323013845842e-01
3.457614009840294100e-01
3.386958685782593403e-01
3.102436687233519619e-01
3.124772129222354589e-01
3.263456392129777117e-01
3.198639377428020292e-01
2.876600405585347242e-01
2.756164198782803942e-01
2.721712874389634607e-01
2.518064883583077118e-01
2.479088223463029039e-01
2.689157872816299033e-01
2.746529302238601700e-01
3.012510694187725546e-01
2.935432397733784282e-01
2.614707275419868027e-01
2.607407089488261165e-01
2.479234060760721059e-01
2.628720356543723935e-01
2.648428975374737537e-01
3.182143558644657255e-01
3.103457986267205704e-01
2.920833777669943343e-01
3.058496303593837840e-01
2.891637413441950355e-01
2.831053183971997123e-01
2.588721521490306432e-01
2.585947985135106375e-01
2.500693603063720016e-01
2.603611816149530855e-01
2.502590801783242114e-01
2.371644236700502506e-01
2.938935558527286385e-01
2.926380850380347898e-01
3.276157375524251791e-01
3.685785878000748528e-01
3.153823094102500280e-01
2.819374813460736595e-01
2.436461251402259331e-01
2.660107345885995289e-01
2.842001930044955604e-01
2.965212549102387296e-01
3.586663814153356333e-01
3.470605791930466699e-01
3.333820041592094330e-01
3.745639607132713600e-01
3.689873263884707044e-01
3.571773519494131355e-01
3.718924228764849960e-01
4.003299514116545055e-01
3.991036918514832554e-01
3.786076392029049109e-01
3.378783038114992476e-01
3.214551847020615249e-01
3.366812117108661795e-01
3.322580058873595976e-01
3.839360435567393259e-01
3.627100599049691843e-01
3.232069840737347710e-01
3.665932297771731796e-01
3.384914335915848449e-01
3.601553670862737144e-01
3.934979338621283906e-01
3.817024555628716898e-01
3.569144506587093035e-01
3.475569953399944567e-01
3.747828918397461684e-01
4.284608712617967718e-01
4.659640929303289214e-01
4.457599338520555898e-01
4.476723294311270585e-01
4.455992938496731726e-01
4.337455244263238030e-01
4.335119657750956534e-01
3.998044116001524539e-01
3.687975627215340779e-01
3.227544067060629240e-01
3.731770611507174706e-01
3.927388353993981895e-01
4.151837648489631327e-01
4.311105116064372633e-01
3.965197877782649094e-01
3.853229431192932153e-01
4.461832999652048382e-01
4.272346117016255218e-01
3.982423758954156123e-01
3.582429715072019683e-01
3.538196780937267749e-01
3.777755345013600885e-01
4.276142266254671642e-01
4.324462586273379872e-01
4.689712317317432100e-01
4.126801369819516618e-01
4.153223759742465937e-01
3.902133100402408461e-01
4.105925614657129907e-01
4.541393595815649276e-01
4.384899664596110247e-01
4.290740886318512581e-01
3.859505690391794586e-01
3.652793364534339116e-01
3.584473189039077967e-01
2.916308003993225428e-01
2.841856530697107752e-01
3.129151627651539092e-01
2.844192555159233970e-01
2.539816976381144009e-01
2.962730687342569613e-01
3.107837922646232154e-01
2.875286556056593223e-01
2.062743760145380190e-01
2.216756705504787373e-01
2.656020397951883716e-01
3.063021201370870195e-01
2.633684518013204579e-01
2.799667508479256051e-01
2.667552493215608056e-01
2.554853984237747122e-01
2.663318832084117793e-01
2.798061546405273825e-01
3.194552429493905943e-01
3.111049408844352437e-01
2.504635151649986513e-01
2.314126969980507820e-01
2.131356048185867325e-01
2.325075716053466302e-01
2.056758299642215959e-01
2.417921082752154671e-01
1.959387597216651344e-01
1.719683195842628409e-01
1.959533434514343364e-01
1.985226637948834805e-01
2.152815152539024335e-01
2.274711484117858118e-01
2.285806505438350567e-01
2.073400393673112685e-01
2.026831873026076480e-01
2.088436087680185516e-01
2.341425697539137041e-01
1.817053898268190804e-01
2.057342086782825985e-01
1.831798355629723762e-01
1.577203659596475849e-01
1.257938224109007574e-01
1.492971014508620020e-01
1.247134877383896945e-01
1.310783879854592049e-01
1.213850251372259187e-01
1.001298740259173731e-01
8.356083002881921351e-02
1.134728043001417691e-01
1.037649453121081283e-01
1.227573409700105922e-01
1.284215214684106543e-01
1.396914599561656090e-01
1.115020300070092840e-01
1.330345347538380574e-01
1.131224444258071699e-01
8.299149523302538911e-02
1.228011359543023928e-01
1.123779296928459209e-01
1.256478099332717646e-01
1.375308344061278720e-01
1.279542727810010216e-01
1.366841459748138476e-01
1.302171596193601455e-01
1.287864212775302886e-01
1.155603798163806761e-01
1.240420230392272616e-01
1.200566794686705047e-01
1.147866538288968424e-01
9.820302610202948090e-02
1.117502161829910939e-01
1.081006049620153037e-01
1.008744325538628028e-01
7.726889222557989378e-02
7.519598802907881407e-02
7.534204430169225142e-02
1.017795434942220245e-01
9.280157171439624986e-02
8.398419614196844796e-02
9.723953644760925663e-02
8.815930337946183137e-02
1.061299182588514439e-01
8.506453081447927500e-02
9.617378550486738176e-02
8.164839065476330038e-02
1.103048941113920350e-01
1.020277296702040842e-01
1.259251635687919646e-01
9.799854732037084626e-02
9.074320745267992760e-02
1.011080787950598414e-01
8.272872532727437722e-02
7.195515919148330608e-02
7.299165508471790187e-02
5.888962634776305494e-02
5.595544999017896398e-02
8.643671526231115620e-02
6.088961189541837460e-02
8.194041561002132767e-02
2.856886969306046686e-02
2.751783386504083953e-02
3.792645639672810598e-02
6.439329822873375575e-02
4.559057864779905711e-02
5.268536610307619078e-02
6.722530088796505043e-02
7.113763821970742196e-02
1.054875772242432341e-01
1.118670174060975298e-01
8.566298927482732251e-02
6.696253098221403854e-02
8.899140808100666766e-02
9.542927077190613283e-02
1.351658614593845842e-01
1.695303841936893485e-01
2.079969641316886941e-01
1.960263496902489577e-01
1.852236160949194965e-01
1.409031357865676293e-01
1.544064870882530249e-01
2.151501303010268096e-01
2.002452957070185724e-01
2.377775972451202924e-01
2.428578592179573281e-01
2.966818073226525354e-01
3.088567691607980725e-01
2.967840248159897554e-01
3.003168348138591237e-01
2.930322398966612174e-01
3.255281182412020913e-01
3.406228478871000109e-01
4.001985664587791036e-01
3.845637570665944027e-01
3.751186241893273432e-01
3.065210950585459670e-01
2.659961508588306045e-01
2.879228104642857500e-01
2.810907929147596351e-01
3.228128292151083434e-01
3.369877766009090059e-01
3.624034950149264134e-01
3.854688680069536244e-01
3.999795915373198785e-01
3.773229571336882415e-01
3.696151274882941151e-01
3.672647382713197795e-01
3.587247163344122192e-01
3.732354836597628900e-01
3.304769514661793361e-01
3.253675658287882855e-01
2.943022944411244901e-01
2.682150675329604272e-01
2.721128649299180413e-01
2.506095276426276719e-01
2.678209126743340551e-01
3.530022009169355712e-01
3.988555494704856264e-01
3.594692310673734403e-01
3.171194812571698773e-01
3.119663444304712763e-01
3.562138622949929112e-01
3.631042147635956119e-01
3.992497043291122760e-01
4.168260767599069050e-01
4.267674943991687231e-01
3.994249280612638953e-01
3.658049638549045746e-01
3.610311791821417260e-01
3.296302630348652563e-01
3.109735559315596198e-01
3.634399909081612590e-01
3.944541535491563611e-01
4.005562838904748180e-01
3.641260393370926440e-01
3.294696668274670337e-01
2.782149952712365537e-01
2.636750166913632287e-01
2.525218794267147238e-01
2.592225120233654923e-01
2.582152273846531898e-01
2.145662117754637832e-01
2.818207239179516543e-01
2.679231301676712751e-01
3.051196555612073480e-01
3.201851301575981967e-01
3.363016843769931485e-01
2.581276374160696441e-01
2.595290769134082631e-01
2.695289608566999173e-01
2.334710612597671042e-01
2.379819446418258710e-01
2.672807891330628016e-01
2.613538825238961860e-01
2.480109960446559569e-01
2.959957588937211503e-01
3.176450210686719289e-01
2.902293609019838683e-01
2.231792399511859926e-01
2.150771678571966050e-01
2.756894261170950156e-01
2.425074117536538676e-01
2.273397634589101879e-01
2.308433622022569576e-01
2.570327628087737404e-01
2.838207532605911965e-01
2.689887935204443026e-01
2.685654712022794710e-01
2.706967979078259701e-01
3.093239740532235382e-01
3.503014956206110253e-01
2.795433847347764122e-01
2.822586737608701046e-01
2.469014939126064623e-01
2.372374299088646221e-01
2.438066775526397389e-01
2.590327921514132825e-01
2.196318462235474500e-01
2.202887709879248479e-01
2.152815152539024335e-01
2.009460154556877709e-01
2.450767320971030117e-01
2.760252460566448574e-01
2.525948856655293451e-01
2.413686983670820241e-01
2.916453841290917448e-01
2.944628906485227127e-01
2.907111057291941192e-01
2.364782438561658096e-01
2.096611735347783667e-01
2.452957070185622368e-01
2.528431156364953636e-01
2.358213628867725786e-01
2.763901458657642141e-01
3.257763044171839151e-01
3.351630147854054997e-01
2.985942029017242816e-01
2.956161439698795079e-01
2.717187100712916692e-01
2.640399602954670577e-01
2.818790588370285177e-01
2.488284732214471606e-01
2.660983245571833522e-01
2.836893683077157946e-01
2.771054055492184198e-01
2.853243226612984240e-01
3.158494267127068822e-01
3.270609426914163897e-01
3.431774969108110640e-01
3.390754397071165105e-01
3.120245917595794727e-01
2.958934976053997357e-01
2.771784555830172359e-01
3.063167476618404161e-01
3.057619528008313492e-01
4.071619689611806203e-01
4.465045361749854225e-01
4.131180868248701121e-01
3.763740950040214139e-01
3.181267658958821798e-01
3.769142185452926674e-01
3.643889406277966980e-01
3.655420625642005206e-01
3.493380059661905790e-01
3.495423533628964075e-01
3.240682124398338027e-01
3.259660680841205416e-01
3.158056317284148040e-01
3.270025639773551096e-01
3.513671589733840528e-01
3.690895876767921191e-01
2.907841557629929352e-01
2.511350236591453067e-01
2.474416612488621325e-01
2.439672737600379615e-01
2.349892581852277562e-01
2.123180838468110843e-01
2.337629986250562564e-01
2.622297384147483923e-01
3.393382096128675363e-01
3.181705608801739249e-01
3.298346104315710847e-01
3.087692229871989436e-01
2.894702186442692504e-01
2.516897747251699013e-01
2.377191747360748730e-01
2.257776839591891238e-01
2.015007227267282264e-01
2.040554155454237240e-01
1.626691115946562183e-01
1.703770726250033729e-01
1.851213986015822488e-01
2.072086544144358944e-01
2.073838781465875136e-01
2.209749070068250942e-01
2.135443434069825563e-01
2.232230349354777932e-01
1.878221038979067947e-01
1.483190718616567705e-01
1.428008600459012845e-01
1.159837897245140914e-01
1.362024011476035967e-01
1.513262106630713089e-01
1.557057090922547016e-01
1.387863052208219428e-01
1.394286900504145832e-01
1.323922375142140284e-01
1.360418049402056240e-01
1.316768902407911834e-01
1.390636588563421705e-01
1.483190718616567705e-01
1.731945791444343408e-01
1.873111478161739729e-01
1.799390505203610491e-01
1.613114670816093443e-01
1.659684505312659930e-01
1.696763528763339246e-01
1.971065967727911872e-01
1.678370073310612720e-01
1.468007873462275070e-01
1.183485874913201702e-01
1.245675628507292854e-01
1.884644011375307959e-01
1.938949353947338472e-01
1.824645320845339480e-01
1.553408092831350951e-01
1.557641316012998989e-01
1.742164475129155399e-01
1.817053898268190804e-01
1.523773778760439679e-01
1.043196525831485699e-01
1.091079333957120090e-01
9.751684628814503986e-02
9.865555967471711929e-02
8.906445811480548369e-02
1.068452217372900942e-01
1.332097584859896489e-01
1.131078606960379679e-01
1.096188456824604002e-01
1.072685002604704674e-01
9.484530845135892563e-02
1.148596162727270470e-01
1.054291547151978009e-01
7.322521373594632899e-02
7.075806709085022406e-02
9.707889644522660344e-02
9.770660995508168023e-02
8.453885961802445892e-02
8.415928848916701122e-02
1.039108701997685374e-01
9.932702437387955219e-02
1.213267778081179582e-01
1.242025754516410535e-01
9.975043428201296747e-02
9.430518491008769988e-02
1.112684275607966761e-01
1.258229898704389393e-01
1.198668720067496973e-01
1.058816882878854532e-01
1.050641673161095691e-01
8.881622814383924314e-02
9.801317484512447886e-02
8.833448331662900610e-02
8.723960870933315792e-02
1.086699397578093779e-01
1.208887841702153410e-01
9.115194604107577925e-02
7.465586448780782425e-02
8.655351648541734222e-02
1.179544764276779650e-01
8.148788203733368929e-02
1.059546945266998386e-01
9.856788211616467066e-02
1.205530518206341245e-01
7.795507203946433483e-02
9.697663515690520264e-02
8.550234927244466931e-02
8.829068833233721936e-02
1.204653742620816759e-01
9.998394913825696395e-02
1.095020444593542142e-01
8.890381811242283050e-02
8.864104820667181861e-02
7.703537736933591118e-02
1.499978211995314781e-01
1.218814412841739692e-01
1.235165270227096546e-01
1.363045748459563999e-01
1.259105798390227626e-01
1.190201835754356452e-01
1.051663848094467890e-01
1.322900638158612252e-01
8.528346194095431931e-02
1.035313428658955343e-01
1.555743241393790777e-01
1.599101151742393090e-01
1.363775810847710213e-01
1.512240807597027004e-01
1.317061452902981988e-01
1.396622049066585936e-01
1.544064870882530249e-01
1.378519830259399004e-01
1.271514231289632146e-01
1.191515685283110332e-01
1.257645235664093253e-01
1.329324048504696987e-01
1.477204820163559307e-01
1.659100280222205737e-01
2.070188907474992679e-01
2.256462990063134999e-01
2.406096436993360177e-01
2.031649321298178990e-01
2.183033691700389800e-01
2.256462990063134999e-01
2.759084010385542407e-01
2.513539547856200596e-01
2.742003966511725177e-01
2.746967690031363873e-01
2.216756705504787373e-01
2.187559465377107992e-01
2.389600180260155471e-01
2.173837182948947511e-01
2.359090404453247913e-01
2.649449836458578900e-01
2.919665765438879124e-01
2.922877251636999407e-01
3.067984048990820556e-01
3.045356932406601547e-01
3.312068386743869386e-01
3.192361804379627577e-01
2.764046858005492213e-01
2.854848312787280351e-01
3.194406154246371976e-01
3.654983551698773314e-01
3.331922404922730285e-01
3.319659809321015564e-01
3.440241415471409492e-01
3.242872749512616393e-01
3.232215240085197783e-01
3.132217276551967355e-01
3.410753376648031909e-01
3.019517891674418086e-01
3.092363840846397149e-01
3.140976273410333586e-01
3.067984048990820556e-01
2.824484374278065091e-01
2.725945659621438200e-01
2.623027008585785969e-01
2.907257332539475159e-01
2.777186229192729061e-01
2.733975032041505160e-01
2.812513891221578577e-01
2.462300292134442792e-01
2.597772192944056702e-01
2.552663359123468756e-01
2.575145076359837693e-01
3.268273402452035459e-01
3.079955407946992629e-01
3.153968931400192299e-01
2.636896004211324307e-01
2.592078407036276788e-01
3.019664166921954274e-01
3.312652611834323579e-01
3.183165295628185287e-01
2.653245547747151156e-01
2.416169283380480148e-01
2.211062919597007181e-01
2.496898329724989984e-01
2.547408398958290188e-01
2.532225991753841998e-01
2.575437626854907847e-01
2.462884079275052818e-01
2.507554525302878590e-01
2.132962448209693718e-01
2.299382512618977359e-01
1.960263496902489577e-01
1.790922307040939687e-01
1.804061678228176535e-01
2.123327551665488977e-01
1.998365133236385538e-01
2.186974802336811852e-01
2.166245760371801055e-01
2.125516424980395114e-01
2.257339765648659347e-01
2.147706029671538064e-01
1.985664587791752811e-01
1.666691702799352193e-01
1.760705081729104782e-01
1.664793628180143981e-01
1.691216894002779136e-01
1.977781490619222315e-01
2.217047942150326967e-01
2.131356048185867325e-01
2.383031370566223162e-01
2.267995961226547674e-01
2.239529659386698401e-01
2.093254411851973862e-01
2.282740418588078135e-01
2.342155759927281033e-01
2.563320430601043198e-01
2.413541584322970168e-01
2.450913158268722136e-01
2.117925440353090605e-01
2.149019879200294303e-01
2.313251070294671807e-01
2.354418355528995754e-01
2.600838279794329133e-01
2.615582737155862092e-01
2.031065096207724519e-01
2.169749797064991492e-01
2.151209628414886554e-01
3.218931345449799197e-01
2.919519928141189880e-01
2.924920725604057692e-01
3.270755264211853142e-01
3.467978092872956442e-01
3.704472321898389930e-01
3.610166392473566632e-01
2.862440173314268477e-01
3.143895647063227883e-01
3.076159696658418707e-01
2.727843296290804465e-01
3.091487941160561137e-01
3.285937671416304107e-01
3.610896454861713400e-01
3.242434361719854219e-01
3.577612266799919949e-01
3.130612190377671245e-01
3.386958685782593403e-01
2.791930248604417852e-01
2.963753300225783760e-01
3.173675798431830897e-01
3.148566820087793650e-01
3.108860097579604354e-01
3.339659226847724316e-01
3.251630870471296508e-01
3.130319201932759143e-01
3.032510549664276245e-01
3.205062787774102251e-01
3.306521314033467607e-01
3.453088236163576186e-01
3.907973161557724562e-01
3.618487439489015411e-01
3.816003256595030813e-01
4.079502786784336421e-01
4.313222165605039571e-01
4.199793594239032424e-01
4.201690792958554521e-01
4.077020925024518738e-01
3.829141313932736823e-01
3.686807614984276560e-01
3.598780572457376814e-01
3.738923646291558711e-01
3.903009000088246694e-01
3.469584930846624782e-01
3.352214372944509746e-01
3.854396567524310258e-01
3.854979916715076116e-01
3.637173445436812091e-01
3.380534837486666722e-01
3.225355193745725879e-01
2.861564273628433019e-01
2.813243953609724790e-01
2.412227734794216427e-01
2.679085902328862678e-01
2.883607603072042003e-01
2.851345589943617975e-01
3.579947853312201445e-01
3.369148141570790234e-01
3.294843381472048471e-01
2.797769871809889786e-01
2.829302260500011768e-01
2.739668817949285073e-01
2.792368198447335859e-01
2.801856819744004135e-01
2.705654129549503462e-01
2.783900876184350892e-01
2.816017489964924292e-01
2.640837552797588583e-01
2.765799095327008406e-01
3.016015168830757931e-01
2.648282700127200795e-01
2.657188410182945715e-01
2.158508500496962579e-01
2.379089821979956665e-01
2.267558887283315783e-01
2.064495559517054435e-01
2.344783458984791014e-01
2.395439365515783237e-01
2.049750664205679807e-01
1.998073020691157053e-01
1.958949647373733338e-01
2.168581784833926995e-01
2.302885673412478906e-01
2.853243226612984240e-01
2.759375684980923671e-01
2.100407446636357867e-01
1.618224669583266107e-01
1.552240518550130899e-01
1.585232156116854196e-01
1.308594130639999797e-01
1.387863052208219428e-01
1.305528481739571811e-01
1.437643497003217585e-01
1.218230187751285359e-01
1.286696638494082834e-01
1.155165410371044449e-01
1.515598569042680976e-01
1.403921797048348075e-01
1.462752475347254832e-01
1.533554512602333941e-01
1.262754796481421471e-01
1.348301291098033539e-01
1.561875415094335640e-01
1.239398055458900416e-01
1.440125358763035823e-01
8.944402924366268159e-02
1.228887259228862300e-01
9.595481058340817049e-02
7.864120805836458117e-02
9.812993227324648404e-02
1.092100195040961869e-01
1.098378206039196114e-01
9.868468333927109259e-02
8.573599551364170790e-02
7.754633345106873299e-02
1.103341929558832313e-01
9.300596290608625916e-02
8.982351278255150395e-02
8.342944507594357573e-02
9.662631907755503402e-02
7.683102997263031864e-02
1.020277296702040842e-01
8.125423579613690050e-02
9.064098995934270764e-02
8.991110275113509132e-02
1.035021754063571164e-01
1.039108701997685374e-01
9.123949221467493598e-02
9.131254224847375200e-02
1.074436801976379058e-01
9.526867456450816007e-02
7.883097172530120766e-02
1.089327096635601400e-01
1.250639352026929052e-01
1.349469303329097758e-01
1.063780168448646424e-01
1.205530518206341245e-01
1.203194493744215166e-01
1.451365779431378344e-01
1.110933352135978630e-01
1.012685874124891888e-01
9.177970334591478707e-02
8.763376356795980759e-02
9.083079742126351497e-02
1.533992900395096393e-01
1.040422551526439254e-01
1.004364827109443525e-01
8.938556293963306754e-02
9.678691528495300678e-02
1.217062613470065446e-01
9.531251334378414153e-02
1.220566212213413937e-01
1.009182713331390202e-01
8.763376356795980759e-02
8.998410898994972651e-02
6.972161499259955930e-02
7.182377423860766830e-02
9.085992108581775195e-02
8.713747880596479922e-02
7.621785639756027686e-02
8.629079037465076096e-02
8.722502497956395595e-02
8.941477419415565231e-02
7.446605702588701692e-02
7.658284379664850872e-02
8.487467955757428684e-02
9.053890385095852977e-02
8.061193855651288542e-02
1.018963447173284464e-01
1.179836876822007996e-01
1.078087113917103185e-01
7.575073909510367243e-02
9.709348017499580541e-02
9.429060118031849791e-02
8.595492664011650241e-02
9.062645002455793630e-02
1.073268789745314700e-01
1.055312846185664233e-01
1.098086531443812075e-01
1.209909140735836997e-01
9.077237491221833154e-02
8.906445811480548369e-02
8.996952526018052454e-02
8.691841629453696261e-02
1.196041021009986716e-01
1.200128406893942734e-01
1.571801986233921922e-01
1.617786719740348100e-01
1.672676725352674476e-01
1.811214713012560540e-01
1.595013327908592626e-01
2.240989346213144162e-01
2.301718975030945247e-01
2.446825772384766118e-01
2.493832680824561998e-01
2.729011308521869239e-01
2.792368198447335859e-01
2.806966380561332075e-01
3.263602229427469137e-01
2.682004838031912253e-01
2.837477032267923804e-01
2.983314329959732558e-01
2.456752343524352400e-01
3.058496303593837840e-01
3.378490487619922322e-01
3.495715646174190061e-01
3.400387979765839286e-01
3.670165083003537609e-01
3.142728072782007831e-01
3.355717533738011293e-01
3.362286343431943325e-01
3.723303727194034463e-01
3.252798882702358507e-01
3.240536725050487954e-01
3.572356868684899434e-01
3.357908158852289660e-01
3.413527350953076134e-01
3.036014586357466682e-01
3.485204849944149585e-01
3.626954323802155655e-01
3.507102342090066549e-01
3.088130617664749389e-01
3.515131714510130734e-01
2.800251295619866077e-01
2.753245263079753813e-01
2.646385063457837306e-01
2.363761577477816178e-01
3.148421420739945797e-01
2.869447370800963237e-01
2.973095646274918069e-01
2.740982667478041312e-01
2.220114029000599398e-01
1.976321365842932110e-01
2.310038708196865687e-01
2.291645690693980830e-01
2.523466994895475768e-01
2.431935477725541139e-01
2.954263803029428814e-01
2.672953728628320036e-01
2.676165652776282267e-01
2.449015521599355871e-01
2.208726895134878743e-01
2.008292142325813490e-01
2.160844524959088797e-01
2.287412029562488347e-01
2.603465540901994668e-01
2.334418062102600611e-01
2.573976626178931526e-01
2.394418504431941319e-01
2.278069245563512091e-01
2.157487201463276494e-01
2.134421697086297809e-01
2.035590869884442988e-01
2.010627728838097761e-01
2.047853465486157709e-01
2.448431296508903898e-01
2.318944418252610051e-01
2.251792254988410624e-01
2.173837182948947511e-01
2.309309521708405311e-01
2.181428167576252020e-01
1.933548556484470382e-01
1.920410061196919649e-01
1.962015296274161325e-01
2.240405121122692467e-01
2.153399377629476308e-01
2.303178223907549338e-01
2.516751034054320879e-01
2.669742242430200307e-01
2.466533515316090830e-01
2.614560562222489892e-01
2.769303569970040790e-01
2.669888079727892327e-01
2.635436317384878824e-01
2.723463359911778570e-01
2.799959183074637870e-01
2.344200109794025433e-01
2.674413415454766074e-01
2.459818430374622333e-01
2.270039435193603461e-01
2.511204399293760492e-01
2.283324643678532329e-01
2.415731333537562420e-01
2.645508725822157126e-01
3.134699138311785593e-01
2.786382737944169130e-01
2.710033627978687965e-01
3.136304224486081704e-01
2.979080230878395907e-01
2.779813928250239319e-01
2.789594224142289414e-01
3.321411608692689810e-01
3.300973803373218884e-01
3.591918774318532126e-01
3.501262718884591840e-01
3.453672461254027604e-01
3.087984342417215422e-01
3.234842939142708040e-01
2.893096662318554446e-01
3.132217276551967355e-01
3.450314699808373908e-01
3.507540291932984555e-01
3.612648254233384870e-01
3.268419677699571646e-01
3.571918918841981427e-01
3.539656905713557955e-01
3.412213501424322115e-01
3.448125826493467772e-01
3.263894779922539291e-01
3.316009497380291160e-01
3.570312518818155034e-01
3.630166247950120106e-01
3.499803470007990525e-01
2.782879577150667583e-01
3.345791400548269179e-01
3.546371552705182006e-01
3.811915432761230349e-01
3.939212561802931667e-01
3.860382465977318933e-01
3.780383044071111143e-01
3.704763558543929247e-01
3.631772210024102332e-01
3.678924517811748562e-01
3.688121464513032799e-01
3.783741243466609561e-01
3.782864467881084658e-01
3.276448612169793884e-01
3.463307357798232622e-01
3.237617351397596432e-01
3.332652029361032331e-01
3.574108668056571458e-01
3.433526768479784885e-01
3.550167263993756483e-01
3.282142398077574352e-01
4.027677992122594142e-01
4.112933250093666615e-01
4.393074874313869227e-01
4.066802241339703694e-01
3.774689696113172621e-01
3.779652543733122982e-01
3.834688824592985545e-01
3.469438655599088595e-01
3.632502272412246325e-01
3.957752730453039103e-01
4.160523507724230297e-01
4.119940447580358600e-01
4.270156805751507689e-01
4.444023331339931326e-01
4.325484761206752071e-01
4.175998027473907248e-01
3.954395406957227355e-01
4.111181012772147647e-01
3.791769739986987631e-01
3.311631312800637494e-01
3.181851446099431269e-01
2.937183321205770192e-01
3.372505465066599761e-01
2.979957006463920255e-01
2.947402442840426628e-01
2.872658856999083521e-01
2.614268887627105298e-01
2.215150305480963200e-01
2.397046203489451577e-01
2.871783395263089456e-01
2.924191101165755646e-01
3.032364712366584225e-01
3.094407314813455434e-01
2.809886192164068319e-01
2.587700222456622567e-01
2.338506761836087189e-01
2.257047215153589192e-01
2.260842926442161172e-01
2.381424970542396768e-01
2.255733365624832953e-01
2.348287057728139504e-01
2.525365069514683425e-01
2.170479421503293538e-01
2.128289961335597391e-01
1.951359100696273274e-01
1.974423291223723897e-01
1.722018782354912680e-01
1.994715697195347526e-01
2.216756705504787373e-01
2.067123258574564415e-01
1.949752700672449102e-01
2.055007376170227829e-01
2.324930316705618449e-01
1.811214713012560540e-01
1.831506243084497776e-01
1.474285446510667508e-01
1.836032454711057915e-01
1.445964544018666087e-01
1.471511472205621063e-01
1.531072650842515981e-01
1.301878607748689354e-01
1.142318589678877894e-01
1.302900782682061553e-01
1.355746876377487975e-01
1.453993478488888602e-01
1.491948839575247820e-01
1.331951747562206967e-01
1.502022123912214735e-01
1.543335246444228204e-01
1.721872507107376493e-01
1.842017039314538251e-01
1.639100424745655038e-01
1.597787740163481018e-01
1.671946662964530483e-01
1.682457459194568739e-01
1.688004969854817183e-01
1.793696719295827802e-01
1.492533064665702291e-01
1.685960182038231114e-01
1.688442043798049075e-01
1.677640448872310674e-01
1.708880287067362225e-01
1.805813915549692450e-01
1.781288724346265229e-01
1.709756186753197960e-01
1.727565855065314737e-01
1.858075346204825229e-01
1.714865309620684508e-01
1.670049026295164218e-01
1.662019653875100034e-01
1.779243936529679160e-01
1.875884576567097561e-01
1.883184324548862199e-01
2.011503628523936271e-01
1.928293158369450144e-01
1.717055496785118429e-01
1.810046700781498819e-01
1.698515328135013491e-01
1.748442486127389783e-01
1.313995366052712332e-01
1.651070907802141552e-01
1.491364614484796125e-01
1.745230124029583663e-01
1.814864149053601050e-01
1.864935830494139080e-01
1.744792174186665656e-01
1.757784832176524370e-01
1.851068148718130468e-01
1.667421327237654238e-01
1.460709001380199046e-01
1.609027722881979372e-01
1.281003290536144590e-01
1.476913145568177765e-01
1.316623065110222313e-01
1.708588612471977908e-01
1.341294093611339056e-01
1.428884062195006910e-01
1.398665085083799775e-01
1.199106669910414841e-01
1.259543748233145632e-01
1.091517721749879766e-01
1.354433026848733956e-01
1.204800017868353085e-01
6.364869590580389536e-02
8.175065194308470118e-02
1.032831128949292937e-01
1.097793980948741921e-01
9.417379995721231190e-02
1.247427865828808907e-01
1.417059854386054363e-01
1.702895264514039664e-01
1.582020669918733913e-01
1.743769999253293457e-01
1.900118531124984911e-01
2.362593127296907791e-01
2.580692587020086415e-01
2.231646562214167906e-01
2.398796689011595540e-01
2.375294110691384686e-01
2.490036969535987521e-01
2.502007452592476255e-01
2.520255508697355484e-01
2.311790945518381601e-01
2.614852674767715324e-01
2.910760493332978927e-01
3.026963914903716413e-01
3.401994379789665679e-01
3.379367263205446670e-01
3.233676240761174103e-01
3.270171477071243116e-01
3.032655949012126873e-01
2.945796918716288570e-01
3.817608780719168315e-01
3.349587111836841435e-01
3.476299577838246613e-01
3.740967558208458943e-01
3.692793075487443288e-01
3.696151274882941151e-01
3.601115283069974971e-01
3.740675883613077124e-01
3.645203255806720999e-01
3.324915207436036080e-01
2.878352642906865655e-01
3.326229056964792319e-01
4.280375927386164125e-01
4.557597740003628273e-01
3.985489407854586608e-01
3.988847169300240303e-01
3.622428988075281908e-01
3.364476968546221691e-01
3.176157660191649135e-01
3.252361808759126616e-01
3.132362675899815208e-01
3.253529383040346667e-01
2.865651659512388760e-01
3.523014811682660952e-01
3.841987696675061570e-01
3.184042071213709635e-01
3.346666862284261024e-01
3.224186743564819713e-01
3.754690716536305817e-01
3.669289621267543544e-01
3.402578604880117652e-01
2.956891502086939072e-01
3.108860097579604354e-01
3.295572567960509125e-01
3.120684305388554680e-01
3.293091144150532834e-01
3.104334761852727831e-01
3.565934334238500814e-01
3.584181514443693928e-01
3.480387401672047076e-01
3.744033207108887207e-01
3.587977225732268405e-01
3.372798015561670470e-01
2.925359113396819866e-01
3.335572278913612743e-01
3.567977370255714931e-01
3.701552072345809519e-01
3.304915351959485381e-01
3.153530543607430126e-01
3.187398956759677771e-01
2.869739921296033391e-01
2.593392256565030252e-01
2.639816253763904719e-01
3.143020185327233817e-01
3.448708299784549736e-01
2.945065980428458463e-01
2.689012035518607013e-01
2.546094549429536169e-01
2.409162085893788163e-01
2.675143039893068120e-01
3.160099791251206325e-01
3.226084818184027925e-01
3.360097470117039964e-01
3.177764060215475528e-01
3.094699865308525588e-01
2.695143333319462986e-01
2.659523120795543316e-01
2.104057320627240324e-01
2.353251219197617650e-01
2.704486117318442018e-01
2.557043295502494651e-01
2.676749439916894513e-01
3.096452102630041781e-01
3.526955922319083281e-01
3.326812844105402345e-01
3.177764060215475528e-01
3.090904154019951111e-01
3.199516153013542419e-01
3.100393213266464110e-01
3.047692956868727210e-01
3.531627533293493770e-01
3.483015100729557334e-01
3.673231169853807820e-01
3.529145233583831365e-01
3.020831741203174325e-01
2.805798368330267856e-01
2.965212549102387296e-01
3.320681984254387764e-01
3.359659082324277790e-01
3.760675301139786431e-01
3.750456617454971386e-01
3.867826737407242810e-01
3.827243677263373334e-01
3.670457633498608319e-01
3.899213288799672217e-01
3.552503726405724649e-01
3.892498203858206218e-01
3.572503143932433400e-01
3.729288749747356468e-01
3.976000348608074164e-01
4.239792429292449927e-01
4.114100824374886112e-01
4.293952372516632865e-01
4.145925325610231305e-01
3.922133393828803327e-01
3.773229571336882415e-01
3.712793368913838155e-01
4.137312166049557094e-01
4.203442592330225991e-01
3.964321978096813637e-01
4.220814310799425040e-01
4.218186611741914782e-01
4.583436780735811733e-01
4.587524604569612197e-01
4.609713771310910424e-01
4.315557752117321066e-01
4.642268334934404606e-01
4.562852700168806841e-01
4.472928020972540830e-01
4.588693054750518363e-01
4.419351864888967918e-01
4.328403696909801646e-01
4.447380654835741409e-01
4.807959212855227871e-01
4.435847683672330954e-01
4.461832999652048382e-01
4.564021150349713007e-01
4.720078007626020145e-01
4.740223262450420916e-01
5.126057074061478591e-01
5.471598624224361940e-01
5.664589105603501373e-01
5.323134503374731263e-01
3.871184060903055113e-01
3.600385658631672925e-01
3.825199765346473102e-01
4.291179274111272535e-01
4.290886285666360433e-01
4.865184804979838518e-01
4.654676767833809126e-01
4.418330127905439886e-01
3.534108957103467286e-01
3.761551200825621888e-01
4.396140523214297491e-01
5.337586410241191848e-01
5.051313488220132708e-01
5.081239476886427742e-01
4.788251031974058991e-01
5.229851186833123222e-01
5.434957550616598132e-01
5.467365838992556126e-01
4.691610391936640312e-01
4.544021294873159533e-01
4.971899167304065781e-01
5.178610179311993189e-01
4.820221808456942592e-01
4.811316974300882121e-01
4.314827251779332906e-01
4.502124385200533818e-01
4.165633506491400739e-01
3.703449709015175784e-01
3.649728591533596966e-01
3.613962103762141109e-01
3.477759702614536819e-01
3.452942398865884166e-01
3.391921533402543210e-01
3.724179188930028528e-01
3.499657194760453782e-01
3.428855595455219119e-01
3.126085978751110828e-01
3.024189064698986074e-01
3.151632906938066081e-01
3.177618660867625455e-01
3.215574459903828841e-01
3.257032981783695158e-01
3.263164279584551131e-01
3.082728944302194907e-01
2.859812474256758774e-01
3.004628034965037275e-01
2.894410511847308465e-01
2.686384336461096756e-01
2.359820028891549959e-01
2.014131327581443753e-01
2.171647871684199427e-01
2.023328274282730488e-01
1.879972838350742192e-01
1.864935830494139080e-01
2.023766224125648494e-01
2.097779747578847886e-01
2.061429910616626449e-01
2.179384693609193457e-01
1.928293158369450144e-01
2.057488362030359952e-01
1.727127467272554784e-01
1.751945208971052159e-01
1.481292643997359493e-01
1.546255495996808615e-01
1.747127322749105482e-01
1.636764400283526599e-01
1.467716198866891031e-01
1.411659056923186550e-01
1.314287478597938041e-01
1.401292784141310033e-01
1.567568763052273884e-01
1.663625615949082259e-01
1.486109654319617557e-01
1.570780687200235837e-01
1.421585190112930885e-01
1.473701221420213314e-01
1.253704125027670924e-01
1.214434914412555327e-01
1.318959527522190200e-01
1.491511765632016207e-01
1.501292061524068522e-01
1.274287767644834146e-01
1.408738807370606139e-01
1.624647641979506119e-01
1.384652003959941091e-01
1.570488136705165405e-01
1.473701221420213314e-01
1.529904638611451761e-01
1.401877447181606173e-01
1.561582864599265486e-01
1.445964544018666087e-01
1.397935898595339677e-01
1.413118305799790642e-01
1.675158149162650767e-01
1.568444224788267949e-01
1.726106606188713144e-01
1.497058400392576039e-01
1.597933139511331091e-01
1.437643497003217585e-01
1.607859710650917373e-01
1.694574217498591440e-01
1.527131102256251982e-01
1.515598569042680976e-01
1.425819289194265038e-01
1.562896276178177279e-01
1.583772907240252603e-01
1.577495334191860166e-01
1.403045021462825948e-01
1.784645609892235585e-01
1.484941642088555835e-01
1.648443208744631294e-01
1.668881014064099999e-01
1.549612819492620641e-01
1.428008600459012845e-01
1.459979376941897000e-01
1.394578137149685704e-01
1.515889805688223346e-01
1.634866763614162832e-01
1.636326012490766646e-01
1.607859710650917373e-01
1.201587655770546825e-01
1.372389408358228868e-01
1.060130732407608273e-01
1.311075116500131921e-01
1.288302600568062561e-01
1.580123033249370146e-01
1.536765998800454225e-01
1.630779377730206814e-01
1.604356549857413328e-01
1.603626925419111282e-01
1.571364036391003915e-01
2.244492944956492653e-01
2.323761866524712283e-01
2.497482554815444455e-01
2.282594581290388613e-01
1.924497885030719835e-01
1.789901008007256100e-01
2.244930894799410659e-01
2.050773277088893676e-01
2.008000029780587781e-01
1.870921728947147478e-01
2.140260882341928073e-01
2.398359615068363648e-01
2.619669685089973665e-01
2.869009420958045231e-01
3.034554461581176477e-01
3.160976128886886505e-01
3.338783765111733026e-01
3.348710336251319308e-01
3.632502272412246325e-01
3.777463232468374899e-01
3.200537452047228504e-01
3.242872749512616393e-01
3.761843751320692042e-01
3.557758686570903217e-01
3.474839891011801130e-01
3.327980856336463789e-01
3.281996122830040385e-01
3.357469771059529706e-01
3.566079733586351441e-01
3.537029206656047697e-01
3.343309100838606773e-01
3.463599908293302776e-01
3.908118560905575190e-01
3.814543131818740607e-01
3.736441784531740473e-01
3.306667151331159626e-01
3.790164215862849573e-01
3.682574829752472412e-01
4.109721325945702164e-01
3.863739789473131236e-01
3.488708448687495300e-01
3.497759996040932240e-01
3.609144655490039155e-01
3.499510919512920371e-01
3.302287652901975123e-01
3.414841200481832373e-01
3.856732154036594529e-01
3.692939350734976700e-01
3.639509469898940530e-01
3.257763044171839151e-01
3.105356060886413916e-01
2.665800693843936031e-01
3.216741596235206946e-01
3.058057915801075666e-01
3.354987909299709248e-01
3.252946033849580809e-01
3.038496010167442973e-01
2.720982374051646446e-01
2.565218505220251410e-01
2.602006292025393352e-01
2.925504950694509665e-01
3.318345959792261546e-01
3.459657045857508217e-01
3.570896743908609228e-01
6.054509865148672842e-01
8.217982089165272175e-01
9.048775130930578614e-01
7.485292877862573802e-01
5.832616007986453077e-01
4.274973816073765476e-01
3.869578974728759002e-01
3.769434297998152661e-01
3.777901620261134852e-01
3.238054425340828324e-01
3.103166749621663612e-01
3.063021201370870195e-01
3.515568788453362625e-01
3.632647671760093622e-01
4.298623545541198632e-01
3.770601872279372713e-01
3.427541745926462879e-01
3.429439820545671092e-01
3.581261264891113516e-01
3.512795690048004515e-01
3.612794091531076890e-01
2.844922179597536016e-01
3.315864098032443863e-01
3.267689177361583486e-01
3.620239676810533824e-01
3.492795834571453817e-01
3.562429859595468984e-01
3.064919713939920354e-01
3.343600775433990813e-01
3.221121094664389228e-01
3.181851446099431269e-01
2.725215597233294762e-01
3.221996994350227461e-01
3.659654724723341856e-01
3.837900748740947776e-01
3.699653997726601307e-01
3.624180787446956153e-01
3.862717614539759037e-01
3.523890273418655017e-01
3.604619757713006800e-01
3.424621496373882468e-01
4.007241062702811552e-01
4.615261719921001093e-01
4.634093125216648401e-01
4.167238592665696850e-01
4.234828705772811230e-01
3.921695006036043374e-01
4.129721181422255083e-01
4.347090140807443048e-01
4.216143137774858718e-01
4.730442528608524433e-01
4.691464554638948292e-01
4.946935588307876386e-01
4.390009225413438743e-01
4.160085557881310070e-01
4.204318492016064779e-01
4.285339212955955879e-01
4.178041501440963312e-01
4.499496686143023561e-01
4.536868260088775529e-01
5.036276480363532926e-01
4.925768158550105635e-01
4.982700762229801961e-01
4.851315809354299624e-01
4.604020423352972458e-01
4.876717776143251193e-01
4.927373682674243693e-01
5.307660421574896814e-01
5.607363513478890171e-01
5.498460277839757326e-01
5.676413313412453920e-01
6.049254904983494274e-01
5.871885656551411037e-01
5.155837225430082160e-01
4.692340016374942357e-01
4.590152303627122454e-01
4.494679237870923827e-01
4.263003770967120909e-01
4.259792284769000625e-01
4.747230897886957623e-01
5.103429519527415970e-01
4.904309054196948625e-01
4.827959068331778569e-01
4.651465281635688842e-01
5.129268560259598875e-01
4.910439476098118483e-01
5.065474158441055641e-01
4.928395419657771725e-01
4.274390466882997397e-01
4.494241288028005821e-01
4.429133036680706348e-01
4.657450304189010848e-01
4.174537902697617042e-01
4.281835614212610164e-01
4.099356804963197876e-01
4.344024491907014784e-01
4.451030528826623867e-01
4.921534059468768985e-01
4.948833224977242651e-01
5.082262089769644664e-01
5.073210980366049672e-01
5.165326722626436551e-01
4.663143652146949369e-01
4.574678221827287450e-01
4.584750192314723805e-01
4.312783777812277397e-01
4.723142780626762294e-01
4.550883093012006442e-01
4.559641213970686557e-01
4.645626096380058301e-01
4.480810680195229101e-01
4.542269057551643341e-01
4.269864255256437535e-01
4.239354479449529700e-01
3.463307357798232622e-01
2.787842424770617389e-01
2.973095646274918069e-01
3.017474417707362022e-01
3.190756718205331466e-01
3.208566824467292689e-01
3.033386887299956425e-01
2.914264530026169364e-01
3.139078636740969541e-01
2.788426649861069362e-01
2.639523703268834565e-01
2.472080588026492887e-01
2.739960054594827721e-01
2.690617121692903124e-01
2.711201202259908016e-01
2.763609784062260322e-01
2.895870198673753948e-01
2.719960637068116194e-01
2.829155985252475025e-01
2.868717308412819245e-01
2.644633264086163060e-01
2.436752925997643371e-01
2.133107847557541570e-01
1.985664587791752811e-01
2.064933509359972441e-01
2.236901960329188144e-01
2.439964412195763654e-01
2.378797271484886511e-01
2.293543327363347095e-01
2.547554236255982207e-01
2.312083496013451756e-01
1.939679854285326632e-01
1.867272292906109465e-01
1.912819076569617638e-01
2.167851722445783280e-01
2.077487341607227034e-01
1.896906606977022958e-01
2.189602501394322109e-01
2.331936200342782650e-01
2.192814863492128230e-01
1.966979019793800021e-01
2.127560336897295346e-01
1.986978437320509050e-01
2.099823221545903673e-01
1.952234562432267340e-01
1.879827439002891842e-01
2.053984763287013959e-01
2.111647429354856220e-01
1.929898682493587925e-01
2.267120499490553609e-01
2.057050412187441946e-01
1.888585559961571958e-01
1.925227509469021880e-01
2.223471352496411702e-01
1.891797046159692242e-01
2.064057609674136429e-01
2.067269971771942827e-01
1.896031145241028892e-01
1.853550010477948706e-01
1.611071196849037657e-01
1.830192393555741537e-01
2.000554882450977789e-01
1.985226637948834805e-01
1.870921728947147478e-01
1.812819799186856651e-01
1.864935830494139080e-01
1.984058187767928638e-01
1.873256877509587304e-01
1.862308131436628822e-01
2.217193779448019264e-01
1.933694393782162402e-01
2.096027948207173641e-01
1.928438995667142164e-01
1.894424745217202222e-01
2.028000323206982647e-01
2.058364261716198185e-01
1.981285089362568308e-01
1.970336343289609826e-01
2.179384693609193457e-01
1.907271565909368916e-01
1.902600392884802871e-01
1.810922600467334553e-01
1.853403735230414739e-01
1.902892067480186911e-01
1.746836086103565888e-01
1.763769416780002208e-01
2.127122387054377339e-01
1.801725653766050317e-01
1.726690393329323170e-01
2.141866406466065853e-01
2.061283635369089984e-01
2.016904425986804084e-01
2.010627728838097761e-01
2.141574731870681814e-01
1.998218857988849073e-01
1.922599810411511900e-01
2.061429910616626449e-01
1.979533289990896561e-01
1.956030273720841539e-01
1.326988024042568270e-01
1.465964399495219284e-01
1.760996318374644376e-01
1.745668073872501669e-01
1.673260512493284502e-01
1.884936123920533946e-01
1.642311910943775322e-01
1.908293740842741115e-01
1.856177709535458686e-01
1.779828161620133353e-01
1.813842412070070798e-01
1.901432380653738652e-01
1.921723910725675888e-01
2.396023590606237430e-01
2.586531772275716401e-01
2.656165797299731568e-01
2.718938024184902047e-01
2.689012035518607013e-01
3.017620255005054042e-01
2.553540134708990883e-01
2.578794950350720150e-01
2.985212404578940770e-01
2.685581136449183282e-01
3.537831530768275057e-01
3.313528511520159592e-01
3.398490781046317188e-01
3.503160793503800052e-01
3.589728149204253760e-01
3.543160066507062278e-01
4.086509984271031182e-01
3.929577665258729979e-01
3.780090931525885156e-01
4.180231250655555564e-01
4.071911364207190243e-01
3.845929245261325846e-01
4.024904893717236032e-01
3.845492171318093955e-01
3.896147639899244508e-01
3.424621496373882468e-01
3.801988423671802120e-01
3.952789006933400406e-01
3.861257927713310223e-01
3.896001802601552488e-01
3.824178028362945070e-01
4.193223032745727608e-01
4.296287959028914361e-01
4.348257715088663100e-01
4.440811407191966875e-01
4.296434234276450548e-01
3.853082717995554018e-01
3.823156291379417038e-01
3.908264398203264434e-01
4.235558768160957999e-01
4.505190034100964303e-01
4.178917401126798770e-01
4.225340084476142954e-01
3.865637426142494726e-01
3.759216052263182339e-01
3.804761960027001622e-01
3.941694423562752680e-01
3.568269044851098970e-01
4.032934704087144939e-01
4.506503883629718321e-01
4.045050148541636803e-01
3.263018004337014943e-01
2.246244744328164400e-01
2.431351690584931113e-01
2.797040247371587740e-01
3.973811037343326080e-01
5.784441525265434647e-01
6.629684722097831662e-01
8.364987837037984875e-01
8.921038300246586505e-01
9.472561675928939939e-01
9.215634021082463878e-01
9.302637136876623636e-01
1.000000000000000000e+00
9.283076107142677058e-01
7.833902266675102366e-01
6.749828816355146754e-01
6.107794346636861160e-01
5.644443850779100602e-01
5.163283248659380487e-01
5.687654609980482556e-01
4.872483677061914542e-01
4.732193452080512563e-01
4.570882510538715193e-01
4.520371565405726377e-01
4.537014097386467548e-01
5.203866308803249963e-01
5.229851186833123222e-01
5.471598624224361940e-01
5.122699312615822675e-01
4.498912461052571587e-01
4.223879959699852749e-01
4.491468189622645490e-01
4.672924823938687799e-01
4.947227262903260425e-01
4.957154271992690875e-01
4.564897925935234579e-01
4.527233363544571065e-01
4.100962329087335934e-01
3.492941671869143616e-01
3.517029789129338946e-01
3.520094562130080540e-01
3.620678064603293778e-01
4.153662147535228111e-01
4.146654950048533350e-01
4.307674654944790849e-01
3.870162761869371248e-01
4.023152656395719839e-01
4.010598824148465247e-01
3.887242805743185703e-01
3.723594963839574334e-01
3.447650650913900994e-01
3.337615752880668807e-01
3.768412561014624629e-01
4.013664910998737678e-01
4.120815909316352665e-01
3.918337244590386903e-01
3.828301764083863468e-01
3.506307025175325887e-01
3.778777081997128917e-01
3.568415320098632937e-01
3.611625641350170723e-01
3.581408416038335818e-01
3.416008774763052425e-01
3.783886642814456858e-01
4.081400861403544633e-01
4.173662003011778809e-01
3.788557815839023180e-01
4.009284974619711783e-01
3.704763558543929247e-01
3.563452472478683131e-01
3.765346474164352197e-01
4.023445206890789994e-01
4.387965751446382678e-01
4.594678077303840369e-01
4.665479676609075588e-01
4.737303450847682451e-01
5.365323525592583520e-01
4.868980516268412995e-01
4.703872987538355033e-01
4.631172875664067989e-01
4.529423988658849431e-01
4.692778404167704531e-01
4.462708899337884394e-01
4.772485713528686335e-01
5.103721194122800009e-01
5.101093495065289751e-01
5.152625739231961877e-01
5.420943155643211941e-01
5.433643701087844669e-01
5.750573988012872562e-01
6.718734815457789722e-01
7.054641469076469162e-01
6.687494101363051779e-01
5.784149850670050608e-01
6.130714013716150879e-01
6.352462471530520016e-01
5.783273075084528481e-01
5.701085217813258721e-01
5.394374928422570603e-01
5.739186854147154682e-01
5.441526798260375442e-01
4.319207188158359356e-01
4.345630016031152842e-01
4.988540385435276114e-01
5.525175218257776244e-01
5.371309424045591641e-01
5.175253293766022278e-01
5.127662160235771927e-01
5.234521921907847597e-01
5.094815922016896481e-01
4.093370468560345032e-01
3.676588931299464291e-01
3.965781226973417173e-01
3.936146912902503958e-01
4.249573163134344189e-01
4.405192070567733875e-01
4.718762844247735844e-01
4.717448994718979605e-01
5.020949549710920223e-01
5.213792879942836800e-01
4.929563431888835945e-01
5.076276629266478491e-01
4.664603776923239575e-01
4.451467602769855203e-01
3.635275370817603879e-01
3.056014003884175434e-01
3.123750392238827112e-01
3.038203897622214766e-01
3.746222956323479458e-01
3.914249420756586995e-01
3.493087947116679803e-01
3.293966605886526899e-01
3.145647884384744075e-01
2.903315783953210882e-01
3.056744066272322202e-01
3.121268530479008874e-01
3.606954906275446904e-01
3.728413288011362403e-01
3.206815025095620664e-01
3.009737595782367992e-01
3.320681984254387764e-01
2.910176706192368901e-01
3.431190744017659222e-01
3.296593866994192434e-01
3.366227892018209822e-01
2.987693828388914286e-01
2.647553513638743472e-01
2.828280085566639568e-01
2.919081540348427706e-01
2.697478919831747257e-01
2.189457102046471759e-01
2.273982297629398019e-01
2.484781571420969781e-01
2.111210355411624329e-01
1.923475710097347635e-01
2.027561935414222971e-01
2.259529076913407153e-01
2.433395164551989398e-01
2.051648738824887741e-01
2.086247214365279379e-01
1.783916423403775486e-01
1.924204896585808011e-01
1.902307404439891048e-01
2.085371752629285313e-01
1.843622563438676309e-01
1.421876426758470757e-01
1.367425684838592670e-01
1.140275115711822107e-01
1.184508487796418347e-01
1.543481083741920223e-01
1.195748470514916562e-01
1.484941642088555835e-01
1.481146368749825804e-01
1.531948550528351716e-01
1.345528192692675706e-01
1.311075116500131921e-01
1.297207434724123309e-01
1.347717066007579345e-01
1.225091985890132129e-01
1.279542727810010216e-01
1.280127390850306357e-01
1.247427865828808907e-01
1.255748912844257270e-01
1.226259560171352181e-01
1.131078606960379679e-01
1.284652288627338435e-01
1.125093146457215448e-01
1.157210198187630795e-01
1.008014701100325983e-01
9.726866011216322994e-02
1.132100343943907572e-01
1.246259415647902880e-01
1.230055709409768328e-01
1.311368104945043744e-01
1.343046330932854970e-01
1.133560468720197778e-01
1.227280859205035768e-01
1.005678676638199903e-01
1.269325357974726010e-01
1.216916338222531618e-01
1.073122952447625178e-01
1.023488782900160848e-01
1.031809829915609211e-01
1.152976099106296642e-01
1.319834989258184266e-01
1.564503114151845620e-01
1.675011435965272633e-01
1.764937866960908375e-01
1.513262106630713089e-01
1.554283992517186686e-01
1.460562726132662581e-01
1.227135459857188055e-01
1.457935027075152323e-01
1.314141203350401854e-01
1.369614558153496309e-01
1.484357416998101642e-01
1.379979955035689210e-01
1.421876426758470757e-01
1.336915471081843165e-01
1.605086174295715373e-01
1.850338086329986753e-01
1.705668362919397774e-01
1.795447642767815932e-01
1.690632668912327441e-01
1.462607075999406980e-01
1.780411948760743379e-01
1.742164475129155399e-01
1.564648513499693472e-01
1.752237321516278146e-01
1.893549283481210654e-01
1.408884644668298158e-01
1.202026043563306640e-01
7.484562815474420094e-02
7.788206580064994944e-02
1.053707322061526314e-01
1.964205045488753576e-01
2.200405848119430241e-01
2.059240161402034197e-01
2.059094324104342177e-01
2.148581929357376297e-01
2.445949872698927607e-01
2.601276667587091307e-01
2.517627809639845227e-01
2.887257477062924460e-01
2.812221778676352590e-01
2.752661037989301840e-01
2.908717019365920642e-01
3.324623532840654261e-01
2.986379978860160822e-01
2.904629633481964901e-01
2.999372636850019536e-01
3.022583978524689963e-01
3.252653483354510655e-01
3.447103213610253625e-01
3.360242869464887816e-01
3.498489620479233730e-01
3.498926694422465622e-01
3.339220839054964918e-01
3.461409283179024410e-01
3.776149820889462827e-01
3.310900812462649334e-01
2.974263658505982288e-01
2.787842424770617389e-01
2.710616977169453823e-01
3.166231527001907020e-01
3.160246066498740292e-01
2.783609201588969628e-01
3.184187470561557487e-01
3.105064386291029876e-01
3.192216405031780280e-01
3.314842361048915831e-01
3.534255232351003473e-01
3.738048184555567421e-01
4.281835614212610164e-01
4.463146849180801845e-01
4.580517407082917436e-01
4.084612347601664917e-01
4.119502059787598647e-01
3.366520442513279976e-01
3.510605940833412264e-01
3.171779475611994914e-01
3.328564643477076590e-01
3.262726329741633124e-01
3.057035302917862074e-01
2.916745953836143435e-01
3.274696374848275471e-01
3.482431313588947308e-01
3.500824331091831887e-01
3.852498054955257878e-01
3.866512887878488791e-01
4.837448127578291013e-01
4.916424936601285212e-01
4.948104038488782552e-01
4.083298498072910898e-01
3.700238222817053280e-01
3.877169959356063234e-01
3.956438880924282864e-01
4.146800349396383978e-01
3.938191700719090305e-01
3.354112447563717403e-01
3.493963846802515816e-01
3.968408926030927431e-01
4.055853495266745212e-01
3.731479374861634835e-01
4.108991701507400118e-01
4.407381381832481404e-01
4.704019262785889000e-01
4.337893194106156036e-01
3.711478205535553854e-01
3.267252103418351594e-01
3.607977081208819103e-01
3.807389221134669932e-01
4.014248260189503537e-01
3.791915139334835483e-01
4.215997300477166698e-01
3.492941671869143616e-01
3.209880673996048928e-01
3.291338906829016642e-01
3.834688824592985545e-01
4.177748950945893158e-01
3.855710417053064276e-01
4.020963345130972311e-01
4.219063387327439130e-01
3.867535062811860991e-01
4.080378686470172434e-01
3.514985439262596767e-01
3.187544794057369790e-01
3.475569953399944567e-01
3.743303582670587382e-01
3.704909395841621267e-01
3.947679884065916633e-01
3.794981226185107359e-01
3.456592272856766068e-01
3.374548939033658601e-01
3.280682273301284146e-01
3.434986455306230924e-01
3.484183550910463500e-01
3.047400406373657056e-01
3.435570242446840949e-01
3.340243451938178509e-01
3.673669557646569994e-01
3.532649708226865970e-01
3.942717036445966827e-01
4.494095888680155748e-01
3.864760650556972599e-01
3.646224116890562361e-01
3.808996059108338272e-01
3.896439752444469939e-01
3.557466574025674455e-01
3.449730912667763882e-01
3.743595257265969201e-01
3.942717036445966827e-01
3.791915139334835483e-01
3.772061997055662919e-01
3.858046003565348547e-01
4.404461570229745715e-01
4.115414673903640130e-01
4.229573745607635438e-01
4.110451388333845602e-01
4.460081200280374136e-01
4.194099808331249735e-01
3.912789733930140956e-01
4.111911075160294415e-01
4.372491231696705727e-01
4.772192725083772014e-01
4.881534786465509534e-01
4.880513049481981502e-01
5.334229086745380100e-01
5.431308114575560397e-01
5.451891757192723897e-01
4.731172153046826478e-01
4.323002899446933833e-01
4.488256703424525207e-01
5.315543080797583420e-01
5.114524102898065916e-01
5.254084265491324457e-01
5.469409750909456358e-01
5.660063769876624296e-01
6.007941782451479140e-01
5.689698521897380568e-01
5.113794478459764425e-01
4.939928390821184401e-01
5.719624948513519769e-01
5.596268930108240225e-01
5.676560464559673447e-01
4.937300691763674143e-01
4.260230672561763354e-01
3.929285990663345385e-01
4.467526347609986348e-01
4.566648411457378542e-01
4.637743437157372250e-01
4.506211333134648167e-01
4.189866147199757251e-01
3.737026009622195222e-01
4.507671895860782540e-01
4.819783420664180418e-01
5.029707670669599784e-01
4.359499011656691736e-01
3.823740078520027064e-01
4.472781745725006863e-01
4.300229507615180857e-01
4.293952372516632865e-01
4.042860837276889274e-01
3.595860322904796402e-01
3.375571551916872193e-01
3.833229575716381454e-01
4.175998027473907248e-01
3.998774616339512700e-01
3.821988279148352818e-01
4.051473996837563485e-01
4.333367420429438122e-01
4.259500172223775194e-01
3.956730555519666903e-01
3.563159921983612977e-01
3.738632409646018839e-01
3.116889032049824371e-01
2.536897602728251933e-01
2.694412832981474826e-01
2.446533221889695964e-01
2.705070342408893436e-01
2.754704511956357904e-01
3.158932216969986828e-01
2.801127195305702089e-01
3.027255151549256285e-01
2.920103715281799905e-01
2.447555834772909833e-01
2.205953358779678963e-01
2.322593854293648064e-01
2.632954455625060586e-01
2.723463359911778570e-01
2.649449836458578900e-01
2.639523703268834565e-01
2.457190731317112076e-01
2.285951904786198141e-01
2.795433847347764122e-01
2.783316651093899474e-01
2.515145947880026989e-01
2.607115414892877125e-01
2.278944707299506156e-01
2.029021622240668732e-01
2.291207302901218379e-01
2.402885388745081841e-01
2.445366523508162027e-01
2.283324643678532329e-01
2.105517007453686362e-01
2.223909302339329708e-01
2.317192618880935806e-01
2.473978662645700821e-01
2.489598581743227845e-01
2.442300436657889595e-01
2.127414499599603326e-01
2.648282700127200795e-01
2.329746889078032346e-01
1.799243354056387911e-01
2.239091271593936228e-01
2.135443434069825563e-01
1.747565710541867934e-01
1.615012745435301655e-01
1.544211146130066714e-01
1.404505146239116153e-01
1.143341202562091902e-01
1.764353641870456679e-01
1.377205980730642487e-01
1.475306307594509425e-01
1.654429107197639692e-01
1.552532193145514938e-01
1.190931898142500306e-01
1.453847203241352137e-01
1.430197911723763426e-01
1.671801263616680411e-01
2.078072004647523174e-01
1.582750732306880403e-01
1.442606782573012114e-01
1.206405979942335310e-01
1.657348042900689822e-01
1.729025979841604943e-01
1.529467564668219870e-01
1.428884062195006910e-01
1.778514312091377114e-01
1.738952988931035393e-01
1.578809183720613907e-01
1.421000965022476692e-01
1.801579816468358297e-01
1.709902462000734424e-01
1.398228011140568161e-01
1.524941353041659731e-01
1.545817108204048940e-01
1.278813541321552338e-01
1.508445534258296972e-01
1.684209258566242984e-01
1.393556400166157672e-01
1.388301002051137434e-01
1.354287627500883884e-01
1.257353999018553381e-01
1.380417904878606938e-01
1.322608525613386543e-01
1.302024882996223321e-01
1.366403509905220470e-01
1.261003873009435838e-01
1.317207290200674008e-01
1.228449309385941796e-01
1.166552544236765243e-01
1.560998639508811014e-01
1.430344186971297116e-01
1.219690312527575565e-01
1.774281088909729076e-01
1.888585559961571958e-01
1.398519685735949702e-01
1.649465383678003494e-01
1.186990349556236446e-01
1.560561565565579401e-01
1.844206788529128005e-01
1.552824305690740925e-01
1.319542876712958279e-01
1.219982425072801413e-01
1.285090676420100608e-01
1.211515540759663528e-01
1.864206206055837034e-01
1.271952619082394320e-01
1.133852143315581817e-01
1.182902525722436121e-01
1.312097729383345790e-01
1.597203077123184878e-01
1.443773918904387721e-01
1.356038550972872014e-01
1.323776099894606317e-01
1.179107690333547759e-01
1.616326594964057894e-01
1.899680143332222737e-01
1.989168186535098803e-01
1.966102244208275673e-01
1.809900863483806799e-01
2.113253829378682891e-01
2.735580556165643218e-01
4.001693552042562829e-01
2.940979032494344669e-01
2.508431300888402937e-01
2.929008549437858155e-01
2.859666636959068975e-01
2.643173577259717022e-01
3.042437558753707250e-01
3.409001577276357664e-01
3.837023973155425649e-01
4.008409512883717718e-01
4.189428197356839800e-01
4.544313845368229687e-01
6.271733863135855458e-01
6.210274171929910381e-01
5.850134001703185538e-01
5.813930002038656397e-01
6.083123318135742474e-01
5.696996956029614090e-01
4.969563142841939563e-01
5.352185030305033342e-01
4.951315524686902281e-01
4.583290943438119713e-01
6.581364840028964824e-01
5.416563657214029659e-01
5.517584233630474788e-01
6.011153268649598314e-01
5.740791940321448017e-01
5.772033092366030127e-01
5.544737123891408936e-01
5.355834904295915244e-01
6.046190131982752680e-01
5.725318296471457735e-01
5.390140829341236728e-01
4.558036127796390446e-01
5.478898810155968802e-01
4.775112974636352425e-01
5.081969977224416457e-01
4.683288906971350141e-01
4.765623915389839982e-01
4.992044422128466552e-01
4.445628855464069384e-01
5.337002185150739875e-01
4.305776580325582636e-01
4.624896616465205557e-01
4.973504253478361892e-01
4.357892611632865343e-01
4.725624642386579977e-01
3.777755345013600885e-01
3.916731282516404677e-01
4.659056704212835021e-01
4.606502285112790696e-01
4.323878799132769846e-01
4.197749244372288024e-01
4.300229507615180857e-01
5.317586992714483651e-01
4.833652416289719311e-01
4.922118284559223178e-01
5.265324686159666978e-01
5.049999638691379245e-01
4.757595418869461912e-01
4.007679012545729558e-01
4.665187126114005434e-01
4.779200360520308721e-01
4.502562335043454045e-01
3.827389076611220631e-01
3.964176140799121062e-01
4.280813001329396017e-01
4.168115368251218422e-01
4.189428197356839800e-01
3.326521169510018305e-01
3.571335131701371401e-01
3.570750906610917208e-01
3.786660179169659135e-01
4.490299739441739324e-01
4.477599193997106597e-01
4.354244051491513168e-01
4.025489118807688005e-01
4.236435543746479571e-01
3.799360724614291862e-01
3.863593514225594494e-01
4.482854592112127112e-01
5.521233669671512523e-01
5.521087394423976891e-01
4.416140816640692357e-01
4.026364142593840123e-01
3.915417432987651214e-01
3.572210593437363246e-01
3.189881256469340176e-01
3.319805208668865637e-01
3.645203255806720999e-01
3.560386385628412920e-01
3.677611106232836491e-01
2.971927634043853850e-01
3.041415383820335050e-01
2.784923051117723092e-01
2.958789138756305337e-01
3.132217276551967355e-01
3.203310550452586059e-01
3.119225056511952809e-01
2.867257621586370986e-01
2.880396116873921719e-01
2.966818073226525354e-01
2.929739049775846316e-01
3.257032981783695158e-01
2.746674701586449552e-01
3.285937671416304107e-01
3.310608699917423348e-01
2.922293026546547434e-01
3.135867150542849813e-01
3.158494267127068822e-01
3.169297613852176676e-01
3.124188780031589285e-01
2.919519928141189880e-01
3.464621207326986085e-01
3.486664098820753677e-01
3.324039307750200067e-01
3.293820768588834880e-01
3.335718116211302542e-01
3.077035596344256940e-01
2.979372781373466061e-01
2.713683064019726254e-01
2.971927634043853850e-01
3.162727052358872415e-01
3.401264755351363633e-01
3.548707577167308225e-01
3.817608780719168315e-01
3.366812117108661795e-01
3.626662649206773836e-01
3.286229346011688146e-01
2.953241628096056615e-01
2.995138975718527052e-01
3.406958103309302155e-01
3.449439238072379843e-01
3.735274210250520976e-01
3.879213871272963465e-01
3.960745241729700661e-01
3.979140011031955249e-01
3.813959782627974748e-01
3.484183550910463500e-01
3.996292316629853070e-01
4.123881996166625097e-01
3.795273338730333346e-01
3.406811828061765413e-01
3.234551702497165948e-01
3.195720003775125995e-01
3.956438880924282864e-01
3.252946033849580809e-01
3.232945740423185943e-01
2.802441044834456108e-01
2.621567759709181877e-01
3.498781295074618325e-01
3.545641928266879961e-01
3.532065483136411776e-01
3.278930473929612122e-01
3.144917821996600082e-01
3.143749809765535863e-01
3.360972931853031254e-01
3.303455665133039343e-01
3.335863953508994562e-01
3.712793368913838155e-01
4.175851752226371061e-01
3.933957601637755874e-01
4.202420855346697959e-01
4.507233946017861759e-01
4.450884253579089900e-01
4.609275383518151026e-01
4.374973531406368132e-01
3.925344442077081664e-01
3.266375327832827247e-01
3.546955777795633979e-01
3.189588705974270022e-01
3.583597727303083902e-01
3.345498850053199025e-01
3.147983470897028346e-01
3.024627452491748802e-01
2.931636248495368413e-01
2.572663214600019455e-01
2.419818719421520936e-01
2.475730462017375066e-01
2.166829547512411080e-01
2.304637910733995099e-01
3.020102116764872280e-01
2.789887212587203735e-01
2.441423661072367746e-01
2.261135038987389378e-01
1.923329872799655615e-01
2.313543182839897794e-01
2.663610944629343780e-01
2.208143107994268717e-01
2.110771967618862155e-01
1.997781784045617182e-01
2.135151321524599854e-01
2.303032824559701486e-01
2.738354968420531610e-01
2.281426569059324394e-01
2.298652888180675313e-01
2.251500142443184915e-01
2.172084945627431318e-01
2.129750086111887597e-01
2.216464155009717218e-01
2.000992832293895518e-01
2.055882837906221894e-01
2.128874186426049087e-01
2.078509954490440903e-01
2.053546813444095953e-01
2.213398506109288955e-01
2.260259139301551146e-01
1.858805408592968944e-01
2.054860662972849694e-01
1.838513440571189761e-01
1.826688794812395544e-01
1.949022638284305387e-01
1.554429829814878705e-01
1.484504568145323944e-01
1.798806280113156020e-01
1.738660876385809406e-01
1.432388098888197348e-01
1.295455635352449064e-01
1.062320043672356218e-01
1.411659056923186550e-01
1.440271196060727843e-01
1.352972464122599583e-01
1.144362939545622293e-01
1.440417033358419863e-01
1.541583447072556456e-01
1.339250619644283269e-01
1.550780393773840693e-01
1.433993623012335406e-01
1.464357561521550943e-01
1.078670463107871402e-01
1.046991799170215870e-01
1.067283767191994914e-01
1.403629246553277921e-01
1.075021027066833251e-01
1.166990932029527556e-01
1.418227866617118860e-01
1.253996675522741355e-01
1.274871992735286119e-01
1.195895621662136504e-01
1.158524047716387034e-01
1.691946518441081182e-01
1.426256363137496930e-01
1.019254683818824198e-01
8.747321115554601567e-02
7.904994664676018301e-02
1.072247928661472921e-01
8.831989958685980413e-02
7.618873273300628968e-02
8.598418168962351782e-02
7.953169147397042005e-02
7.592596282725527779e-02
7.798432708897135024e-02
7.436388332753397779e-02
6.483111668669915006e-02
8.094780229104689417e-02
7.922512658392760754e-02
8.189662062572954093e-02
9.988181923488835545e-02
1.309907980168753816e-01
1.183778425408271995e-01
1.192099472423720358e-01
8.442218977987106521e-02
9.648035039491019427e-02
1.007868863802633963e-01
1.095166281891231663e-01
1.585962218505000410e-01
1.394432299851993684e-01
1.149618337660642670e-01
8.801329090183281079e-02
8.722502497956395595e-02
8.570678425911912313e-02
1.163779007881563105e-01
8.504985949474146156e-02
1.032101504510990891e-01
1.019254683818824198e-01
1.118670174060975298e-01
1.662166367072478168e-01
1.600999226361601024e-01
1.531510600685433987e-01
1.783916423403775486e-01
1.203339893092062879e-01
1.244361778978538974e-01
1.020715684494800518e-01
7.522519928360164865e-02
9.659719541300079704e-02
1.310783879854592049e-01
1.389468576332357486e-01
1.290929861675730872e-01
1.271075843496869695e-01
1.688734594293119229e-01
1.634136701226018840e-01
1.958803372126199371e-01
2.317046343633401839e-01
2.365659214147180223e-01
2.759375684980923671e-01
2.912804405249879158e-01
2.763171396269498148e-01
2.895140574235451902e-01
2.759084010385542407e-01
2.896308586466516677e-01
2.756309598130654015e-01
2.873243082089534939e-01
2.865067872371778734e-01
3.106669472465325987e-01
3.518489038005943037e-01
3.276886999962553837e-01
3.742573520282441168e-01
3.598633859259998680e-01
3.912935571227832976e-01
4.114100824374886112e-01
3.921110780945589180e-01
3.811477482918312343e-01
3.920235319209595115e-01
3.467832693525106369e-01
3.585349964624600094e-01
3.379805650998206623e-01
3.113677107901862695e-01
3.393382096128675363e-01
3.644034805625814832e-01
3.193822367105762505e-01
2.836163182739169786e-01
3.315427024089211971e-01
3.384914335915848449e-01
2.963898699573633833e-01
3.584036115095846076e-01
3.265791978642061388e-01
3.439658066280641413e-01
3.604619757713006800e-01
3.262142542601023654e-01
2.935723634379324154e-01
2.902877396160448709e-01
2.967840248159897554e-01
2.873826869230147740e-01
3.085648755904931151e-01
3.218639232904570990e-01
2.908424906820694655e-01
2.850031740414864512e-01
2.679815088817322777e-01
2.404782587464603938e-01
2.718500950241670155e-01
2.203909884812620679e-01
2.424782880890998804e-01
2.636896004211324307e-01
2.818499351724742530e-01
2.545510324339081976e-01
2.564780117427491457e-01
2.281572406357016414e-01
2.048729365171993444e-01
1.893257170935982447e-01
3.051925742100533578e-01
2.769303569970040790e-01
3.081853044616358894e-01
2.770616981548952862e-01
2.217632167240781438e-01
2.011503628523936271e-01
2.253689891657776889e-01
2.211792544035309227e-01
2.764046858005492213e-01
2.385512794376196954e-01
3.109589722017906399e-01
2.522298982664411549e-01
2.547554236255982207e-01
2.245223007344636645e-01
2.562882480758125192e-01
2.412811521934826176e-01
2.731200619786616768e-01
2.554999383585594974e-01
2.234128423973986144e-01
2.502737952930464416e-01
2.633830355310896598e-01
2.585947985135106375e-01
3.305207464504710813e-01
3.090612041474725680e-01
3.078057333327784972e-01
2.970175834672181825e-01
2.812513891221578577e-01
2.607991314578713138e-01
2.973534034067680243e-01
3.003752573229045431e-01
2.920103715281799905e-01
2.494124355419946037e-01
2.368725300997452377e-01
2.302302324221713326e-01
1.945227364945572579e-01
2.213544781356825419e-01
2.239529659386698401e-01
2.738646205066070927e-01
2.685070486932342737e-01
3.229733378325379545e-01
3.524035672766502869e-01
3.035868311109932716e-01
3.219661407837943190e-01
2.549014798982116581e-01
2.629304581634178128e-01
2.295587239280244829e-01
2.506824900864576544e-01
2.380695346104094723e-01
2.851053477398391989e-01
2.693099421402562754e-01
2.692515634261952728e-01
2.962876524640261633e-01
2.842878705630480507e-01
3.030321238399528716e-01
2.834264670170117406e-01
2.972220184538924004e-01
3.240245050455106135e-01
2.930614511511837605e-01
3.373382240652124664e-01
3.210317747939280819e-01
3.271339051352463168e-01
3.427395470678928913e-01
3.365790818074977930e-01
3.472358029251982892e-01
2.713245990076494363e-01
3.005649771948567528e-01
3.243311137305376346e-01
3.476883802928700806e-01
3.595276097814344429e-01
3.121122693181316854e-01
3.104626436448111870e-01
2.717187100712916692e-01
2.724485972794992716e-01
3.246814298098880669e-01
3.643889406277966980e-01
4.034101402468678321e-01
3.091633778458253157e-01
3.708121319989583498e-01
3.472650579747053046e-01
3.690311651677466998e-01
3.212069985260797012e-01
3.208420549219758722e-01
3.400680530260909440e-01
3.464621207326986085e-01
3.446957376312561605e-01
3.225938542936491182e-01
3.091925891003479143e-01
3.196887140106504099e-01
3.932643752109001856e-01
4.206216566635272436e-01
4.441541469580110868e-01
4.150012711494189821e-01
3.695858724387870997e-01
3.438927565942653253e-01
3.348710336251319308e-01
3.356301758828465487e-01
3.831038950602103088e-01
3.218784632252421063e-01
3.803302273200556138e-01
4.145049863874240015e-01
4.556430165722408221e-01
5.316711093028647639e-01
4.866060704665674530e-01
